Segment,OperatorName,Type,Weight,Score,UsageCount
150,EnergyCriticalRemoval,Destroy,2.5000,498.0000,29
150,Route Merging Destroy,Destroy,3.0000,530.0000,31
150,TimeSlackDestroy,Destroy,2.5000,380.0000,26
150,Random Removal,Destroy,2.0000,391.0000,25
150,VehicleReductionAwareDestroy,Destroy,3.5000,611.0000,39
150,ChargingAwareRouteBuilder,Repair,2.0000,535.0000,27
150,Adaptive Insertion,Repair,2.0000,353.0000,26
150,Greedy Energy Insertion (Enhanced),Repair,1.5000,366.0000,22
150,Smart Station Repair,Repair,2.5000,614.0000,33
150,Regret-3 Repair (Smart Packing),Repair,2.5000,542.0000,42
300,EnergyCriticalRemoval,Destroy,4.7009,456.0000,31
300,Route Merging Destroy,Destroy,5.1145,373.0000,30
300,TimeSlackDestroy,Destroy,4.3173,422.0000,33
300,Random Removal,Destroy,4.0460,438.0000,30
300,VehicleReductionAwareDestroy,Destroy,5.3250,326.0000,26
300,ChargingAwareRouteBuilder,Repair,4.6722,363.0000,33
300,Adaptive Insertion,Repair,3.7365,239.0000,19
300,Greedy Energy Insertion (Enhanced),Repair,3.7705,387.0000,28
300,Smart Station Repair,Repair,4.9159,666.0000,40
300,Regret-3 Repair (Smart Packing),Repair,4.0607,360.0000,30
450,EnergyCriticalRemoval,Destroy,6.2022,512.0000,36
450,Route Merging Destroy,Destroy,6.2123,367.0000,26
450,TimeSlackDestroy,Destroy,5.5879,436.0000,30
450,Random Removal,Destroy,5.6291,289.0000,23
450,VehicleReductionAwareDestroy,Destroy,6.4070,463.0000,35
450,ChargingAwareRouteBuilder,Repair,5.6214,323.0000,24
450,Adaptive Insertion,Repair,5.0629,444.0000,31
450,Greedy Energy Insertion (Enhanced),Repair,5.2781,393.0000,29
450,Smart Station Repair,Repair,6.6760,540.0000,37
450,Regret-3 Repair (Smart Packing),Repair,5.2516,367.0000,29
600,EnergyCriticalRemoval,Destroy,7.4052,322.0000,26
600,Route Merging Destroy,Destroy,7.3978,373.0000,30
600,TimeSlackDestroy,Destroy,6.9297,334.0000,29
600,Random Removal,Destroy,6.6695,326.0000,28
600,VehicleReductionAwareDestroy,Destroy,7.4303,435.0000,37
600,ChargingAwareRouteBuilder,Repair,6.7969,313.0000,27
600,Adaptive Insertion,Repair,6.4519,379.0000,31
600,Greedy Energy Insertion (Enhanced),Repair,6.5191,315.0000,26
600,Smart Station Repair,Repair,7.8638,411.0000,35
600,Regret-3 Repair (Smart Packing),Repair,6.3621,372.0000,31
750,EnergyCriticalRemoval,Destroy,8.1521,454.0000,30
750,Route Merging Destroy,Destroy,8.1531,446.0000,35
750,TimeSlackDestroy,Destroy,7.6178,394.0000,30
750,Random Removal,Destroy,7.4155,384.0000,29
750,VehicleReductionAwareDestroy,Destroy,8.0792,326.0000,26
750,ChargingAwareRouteBuilder,Repair,7.5163,423.0000,28
750,Adaptive Insertion,Repair,7.3179,238.0000,21
750,Greedy Energy Insertion (Enhanced),Repair,7.3586,341.0000,29
750,Smart Station Repair,Repair,8.4457,528.0000,36
750,Regret-3 Repair (Smart Packing),Repair,7.2078,474.0000,36
900,EnergyCriticalRemoval,Destroy,9.1993,364.0000,26
900,Route Merging Destroy,Destroy,8.8416,398.0000,34
900,TimeSlackDestroy,Destroy,8.4452,456.0000,38
900,Random Removal,Destroy,8.2894,313.0000,25
900,VehicleReductionAwareDestroy,Destroy,8.7481,327.0000,27
900,ChargingAwareRouteBuilder,Repair,8.6549,456.0000,37
900,Adaptive Insertion,Repair,7.9203,373.0000,26
900,Greedy Energy Insertion (Enhanced),Repair,8.0186,302.0000,26
900,Smart Station Repair,Repair,9.3788,427.0000,36
900,Regret-3 Repair (Smart Packing),Repair,8.1016,300.0000,25
1050,EnergyCriticalRemoval,Destroy,9.9194,476.0000,33
1050,Route Merging Destroy,Destroy,9.2712,319.0000,25
1050,TimeSlackDestroy,Destroy,8.9784,389.0000,28
1050,Random Removal,Destroy,8.9240,384.0000,29
1050,VehicleReductionAwareDestroy,Destroy,9.2526,440.0000,35
1050,ChargingAwareRouteBuilder,Repair,9.2053,262.0000,20
1050,Adaptive Insertion,Repair,8.8841,367.0000,30
1050,Greedy Energy Insertion (Enhanced),Repair,8.5581,488.0000,36
1050,Smart Station Repair,Repair,9.7512,543.0000,35
1050,Regret-3 Repair (Smart Packing),Repair,8.6864,348.0000,29
1200,EnergyCriticalRemoval,Destroy,10.5951,466.0000,31
1200,Route Merging Destroy,Destroy,9.7945,425.0000,31
1200,TimeSlackDestroy,Destroy,9.7156,372.0000,32
1200,Random Removal,Destroy,9.5716,339.0000,27
1200,VehicleReductionAwareDestroy,Destroy,9.7504,328.0000,29
1200,ChargingAwareRouteBuilder,Repair,9.7895,404.0000,28
1200,Adaptive Insertion,Repair,9.3865,399.0000,33
1200,Greedy Energy Insertion (Enhanced),Repair,9.3077,425.0000,35
1200,Smart Station Repair,Repair,10.6156,450.0000,33
1200,Regret-3 Repair (Smart Packing),Repair,9.1834,252.0000,21
1350,EnergyCriticalRemoval,Destroy,11.2607,436.0000,33
1350,Route Merging Destroy,Destroy,10.3818,342.0000,29
1350,TimeSlackDestroy,Destroy,10.0020,310.0000,27
1350,Random Removal,Destroy,10.0192,320.0000,27
1350,VehicleReductionAwareDestroy,Destroy,9.9844,447.0000,34
1350,ChargingAwareRouteBuilder,Repair,10.4854,338.0000,31
1350,Adaptive Insertion,Repair,9.7922,305.0000,25
1350,Greedy Energy Insertion (Enhanced),Repair,9.7330,388.0000,30
1350,Smart Station Repair,Repair,11.0687,385.0000,29
1350,Regret-3 Repair (Smart Packing),Repair,9.6059,439.0000,35
1500,EnergyCriticalRemoval,Destroy,11.5534,349.0000,30
1500,Route Merging Destroy,Destroy,10.5935,413.0000,35
1500,TimeSlackDestroy,Destroy,10.2239,413.0000,30
1500,Random Removal,Destroy,10.2941,374.0000,32
1500,VehicleReductionAwareDestroy,Destroy,10.4588,287.0000,23
1500,ChargingAwareRouteBuilder,Repair,10.5481,436.0000,32
1500,Adaptive Insertion,Repair,10.1533,412.0000,33
1500,Greedy Energy Insertion (Enhanced),Repair,10.2130,316.0000,27
1500,Smart Station Repair,Repair,11.3998,290.0000,26
1500,Regret-3 Repair (Smart Packing),Repair,10.0465,382.0000,32
1650,EnergyCriticalRemoval,Destroy,11.5654,263.0000,23
1650,Route Merging Destroy,Destroy,10.7745,408.0000,29
1650,TimeSlackDestroy,Destroy,10.7553,573.0000,44
1650,Random Removal,Destroy,10.5031,403.0000,29
1650,VehicleReductionAwareDestroy,Destroy,10.7617,274.0000,25
1650,ChargingAwareRouteBuilder,Repair,11.0096,399.0000,31
1650,Adaptive Insertion,Repair,10.5031,406.0000,32
1650,Greedy Energy Insertion (Enhanced),Repair,10.4366,307.0000,27
1650,Smart Station Repair,Repair,11.3629,439.0000,29
1650,Regret-3 Repair (Smart Packing),Repair,10.3301,370.0000,31
1800,EnergyCriticalRemoval,Destroy,11.5458,414.0000,31
1800,Route Merging Destroy,Destroy,11.2687,431.0000,31
1800,TimeSlackDestroy,Destroy,11.0954,378.0000,33
1800,Random Removal,Destroy,11.0121,364.0000,27
1800,VehicleReductionAwareDestroy,Destroy,10.7915,368.0000,28
1800,ChargingAwareRouteBuilder,Repair,11.2888,372.0000,26
1800,Adaptive Insertion,Repair,10.8307,259.0000,21
1800,Greedy Energy Insertion (Enhanced),Repair,10.5767,482.0000,39
1800,Smart Station Repair,Repair,11.9292,530.0000,38
1800,Regret-3 Repair (Smart Packing),Repair,10.5709,312.0000,26
1950,EnergyCriticalRemoval,Destroy,11.8172,551.0000,36
1950,Route Merging Destroy,Destroy,11.6638,441.0000,35
1950,TimeSlackDestroy,Destroy,11.1493,355.0000,28
1950,Random Removal,Destroy,11.3825,313.0000,25
1950,VehicleReductionAwareDestroy,Destroy,11.1442,307.0000,26
1950,ChargingAwareRouteBuilder,Repair,11.7416,501.0000,35
1950,Adaptive Insertion,Repair,11.0561,397.0000,28
1950,Greedy Energy Insertion (Enhanced),Repair,10.8440,282.0000,25
1950,Smart Station Repair,Repair,12.2319,358.0000,28
1950,Regret-3 Repair (Smart Packing),Repair,10.7853,429.0000,34
2100,EnergyCriticalRemoval,Destroy,12.3404,469.0000,33
2100,Route Merging Destroy,Destroy,11.8043,295.0000,23
2100,TimeSlackDestroy,Destroy,11.3787,433.0000,35
2100,Random Removal,Destroy,11.5531,358.0000,27
2100,VehicleReductionAwareDestroy,Destroy,11.2437,391.0000,32
2100,ChargingAwareRouteBuilder,Repair,12.1275,464.0000,33
2100,Adaptive Insertion,Repair,11.5245,439.0000,33
2100,Greedy Energy Insertion (Enhanced),Repair,10.9094,296.0000,26
2100,Smart Station Repair,Repair,12.3150,447.0000,33
2100,Regret-3 Repair (Smart Packing),Repair,11.0601,300.0000,25
2250,EnergyCriticalRemoval,Destroy,12.6212,423.0000,32
2250,Route Merging Destroy,Destroy,11.9575,274.0000,23
2250,TimeSlackDestroy,Destroy,11.5276,372.0000,31
2250,Random Removal,Destroy,11.8091,430.0000,36
2250,VehicleReductionAwareDestroy,Destroy,11.3900,347.0000,28
2250,ChargingAwareRouteBuilder,Repair,12.4175,359.0000,29
2250,Adaptive Insertion,Repair,11.7913,317.0000,25
2250,Greedy Energy Insertion (Enhanced),Repair,10.9807,364.0000,31
2250,Smart Station Repair,Repair,12.4995,494.0000,39
2250,Regret-3 Repair (Smart Packing),Repair,11.2011,312.0000,26
2400,EnergyCriticalRemoval,Destroy,12.7108,396.0000,35
2400,Route Merging Destroy,Destroy,11.9509,408.0000,34
2400,TimeSlackDestroy,Destroy,11.5985,411.0000,29
2400,Random Removal,Destroy,11.8294,393.0000,31
2400,VehicleReductionAwareDestroy,Destroy,11.5404,250.0000,21
2400,ChargingAwareRouteBuilder,Repair,12.4118,334.0000,29
2400,Adaptive Insertion,Repair,11.9246,370.0000,31
2400,Greedy Energy Insertion (Enhanced),Repair,11.0949,331.0000,26
2400,Smart Station Repair,Repair,12.5246,427.0000,31
2400,Regret-3 Repair (Smart Packing),Repair,11.3210,396.0000,33
2550,EnergyCriticalRemoval,Destroy,12.5013,494.0000,32
2550,Route Merging Destroy,Destroy,11.9582,420.0000,35
2550,TimeSlackDestroy,Destroy,11.9846,379.0000,30
2550,Random Removal,Destroy,11.9566,308.0000,26
2550,VehicleReductionAwareDestroy,Destroy,11.5950,324.0000,27
2550,ChargingAwareRouteBuilder,Repair,12.2776,404.0000,31
2550,Adaptive Insertion,Repair,11.9262,456.0000,35
2550,Greedy Energy Insertion (Enhanced),Repair,11.3403,296.0000,25
2550,Smart Station Repair,Repair,12.7120,400.0000,30
2550,Regret-3 Repair (Smart Packing),Repair,11.4228,369.0000,29
2700,EnergyCriticalRemoval,Destroy,12.9418,314.0000,28
2700,Route Merging Destroy,Destroy,11.9645,370.0000,31
2700,TimeSlackDestroy,Destroy,12.0819,382.0000,32
2700,Random Removal,Destroy,11.9400,415.0000,33
2700,VehicleReductionAwareDestroy,Destroy,11.6558,302.0000,26
2700,ChargingAwareRouteBuilder,Repair,12.3908,344.0000,30
2700,Adaptive Insertion,Repair,12.0916,334.0000,28
2700,Greedy Energy Insertion (Enhanced),Repair,11.4152,258.0000,22
2700,Smart Station Repair,Repair,12.8052,463.0000,38
2700,Regret-3 Repair (Smart Packing),Repair,11.6180,384.0000,32
2850,EnergyCriticalRemoval,Destroy,12.6826,411.0000,35
2850,Route Merging Destroy,Destroy,11.9601,252.0000,21
2850,TimeSlackDestroy,Destroy,12.0602,336.0000,30
2850,Random Removal,Destroy,12.0354,459.0000,37
2850,VehicleReductionAwareDestroy,Destroy,11.6497,322.0000,27
2850,ChargingAwareRouteBuilder,Repair,12.2522,283.0000,23
2850,Adaptive Insertion,Repair,12.0671,367.0000,29
2850,Greedy Energy Insertion (Enhanced),Repair,11.4620,284.0000,26
2850,Smart Station Repair,Repair,12.7121,426.0000,37
2850,Regret-3 Repair (Smart Packing),Repair,11.6753,420.0000,35
3000,EnergyCriticalRemoval,Destroy,12.5417,405.0000,35
3000,Route Merging Destroy,Destroy,11.9661,384.0000,32
3000,TimeSlackDestroy,Destroy,11.9312,408.0000,34
3000,Random Removal,Destroy,12.0909,320.0000,27
3000,VehicleReductionAwareDestroy,Destroy,11.6912,262.0000,22
3000,ChargingAwareRouteBuilder,Repair,12.2600,429.0000,35
3000,Adaptive Insertion,Repair,12.1553,326.0000,28
3000,Greedy Energy Insertion (Enhanced),Repair,11.3812,334.0000,28
3000,Smart Station Repair,Repair,12.5323,354.0000,31
3000,Regret-3 Repair (Smart Packing),Repair,11.7240,336.0000,28
3150,EnergyCriticalRemoval,Destroy,12.3961,406.0000,25
3150,Route Merging Destroy,Destroy,11.9712,380.0000,32
3150,TimeSlackDestroy,Destroy,11.9415,488.0000,34
3150,Random Removal,Destroy,12.0550,438.0000,34
3150,VehicleReductionAwareDestroy,Destroy,11.7238,359.0000,25
3150,ChargingAwareRouteBuilder,Repair,12.2596,634.0000,41
3150,Adaptive Insertion,Repair,12.0785,322.0000,27
3150,Greedy Energy Insertion (Enhanced),Repair,11.4633,364.0000,27
3150,Smart Station Repair,Repair,12.3654,513.0000,35
3150,Regret-3 Repair (Smart Packing),Repair,11.7654,238.0000,20
3300,EnergyCriticalRemoval,Destroy,12.9727,408.0000,34
3300,Route Merging Destroy,Destroy,11.9568,343.0000,27
3300,TimeSlackDestroy,Destroy,12.3032,420.0000,35
3300,Random Removal,Destroy,12.1791,358.0000,30
3300,VehicleReductionAwareDestroy,Destroy,12.1193,309.0000,24
3300,ChargingAwareRouteBuilder,Repair,12.7401,394.0000,33
3300,Adaptive Insertion,Repair,12.0556,345.0000,27
3300,Greedy Energy Insertion (Enhanced),Repair,11.7660,285.0000,22
3300,Smart Station Repair,Repair,12.7091,442.0000,37
3300,Regret-3 Repair (Smart Packing),Repair,11.7856,372.0000,31
3450,EnergyCriticalRemoval,Destroy,12.8268,488.0000,28
3450,Route Merging Destroy,Destroy,12.0688,426.0000,32
3450,TimeSlackDestroy,Destroy,12.2577,410.0000,31
3450,Random Removal,Destroy,12.1423,462.0000,32
3450,VehicleReductionAwareDestroy,Destroy,12.2326,345.0000,27
3450,ChargingAwareRouteBuilder,Repair,12.6200,544.0000,36
3450,Adaptive Insertion,Repair,12.1639,390.0000,33
3450,Greedy Energy Insertion (Enhanced),Repair,11.9443,295.0000,23
3450,Smart Station Repair,Repair,12.5946,581.0000,33
3450,Regret-3 Repair (Smart Packing),Repair,11.8178,321.0000,25
3600,EnergyCriticalRemoval,Destroy,13.5171,411.0000,34
3600,Route Merging Destroy,Destroy,12.2554,252.0000,21
3600,TimeSlackDestroy,Destroy,12.4029,454.0000,38
3600,Random Removal,Destroy,12.4865,336.0000,28
3600,VehicleReductionAwareDestroy,Destroy,12.3144,348.0000,29
3600,ChargingAwareRouteBuilder,Repair,12.9937,316.0000,27
3600,Adaptive Insertion,Repair,12.1120,358.0000,30
3600,Greedy Energy Insertion (Enhanced),Repair,12.0766,322.0000,27
3600,Smart Station Repair,Repair,13.3464,426.0000,36
3600,Regret-3 Repair (Smart Packing),Repair,11.9711,379.0000,30
3750,EnergyCriticalRemoval,Destroy,13.3027,382.0000,33
3750,Route Merging Destroy,Destroy,12.2171,324.0000,28
3750,TimeSlackDestroy,Destroy,12.3346,285.0000,22
3750,Random Removal,Destroy,12.4136,408.0000,34
3750,VehicleReductionAwareDestroy,Destroy,12.2672,396.0000,33
3750,ChargingAwareRouteBuilder,Repair,12.8002,261.0000,20
3750,Adaptive Insertion,Repair,12.0852,336.0000,28
3750,Greedy Energy Insertion (Enhanced),Repair,12.0540,394.0000,33
3750,Smart Station Repair,Repair,13.1194,396.0000,35
3750,Regret-3 Repair (Smart Packing),Repair,12.0704,408.0000,34
3900,EnergyCriticalRemoval,Destroy,13.0437,396.0000,34
3900,Route Merging Destroy,Destroy,12.1202,372.0000,31
3900,TimeSlackDestroy,Destroy,12.4276,360.0000,30
3900,Random Removal,Destroy,12.3515,405.0000,32
3900,VehicleReductionAwareDestroy,Destroy,12.2272,274.0000,23
3900,ChargingAwareRouteBuilder,Repair,12.8377,412.0000,35
3900,Adaptive Insertion,Repair,12.0725,228.0000,19
3900,Greedy Energy Insertion (Enhanced),Repair,12.0368,358.0000,30
3900,Smart Station Repair,Repair,12.8486,353.0000,28
3900,Regret-3 Repair (Smart Packing),Repair,12.0599,456.0000,38
4050,EnergyCriticalRemoval,Destroy,12.8342,384.0000,34
4050,Route Merging Destroy,Destroy,12.1022,432.0000,36
4050,TimeSlackDestroy,Destroy,12.3635,248.0000,21
4050,Random Removal,Destroy,12.3972,344.0000,29
4050,VehicleReductionAwareDestroy,Destroy,12.1800,360.0000,30
4050,ChargingAwareRouteBuilder,Repair,12.6777,280.0000,24
4050,Adaptive Insertion,Repair,12.0616,252.0000,21
4050,Greedy Energy Insertion (Enhanced),Repair,12.0213,378.0000,32
4050,Smart Station Repair,Repair,12.8124,438.0000,38
4050,Regret-3 Repair (Smart Packing),Repair,12.0509,420.0000,35
4200,EnergyCriticalRemoval,Destroy,12.6032,420.0000,35
4200,Route Merging Destroy,Destroy,12.0869,336.0000,28
4200,TimeSlackDestroy,Destroy,12.2804,276.0000,23
4200,Random Removal,Destroy,12.3170,510.0000,39
4200,VehicleReductionAwareDestroy,Destroy,12.1530,300.0000,25
4200,ChargingAwareRouteBuilder,Repair,12.5261,393.0000,31
4200,Adaptive Insertion,Repair,12.0523,360.0000,30
4200,Greedy Energy Insertion (Enhanced),Repair,11.9900,264.0000,22
4200,Smart Station Repair,Repair,12.6195,417.0000,33
4200,Regret-3 Repair (Smart Packing),Repair,12.0433,408.0000,34
4350,EnergyCriticalRemoval,Destroy,12.5127,320.0000,27
4350,Route Merging Destroy,Destroy,12.0738,360.0000,30
4350,TimeSlackDestroy,Destroy,12.2383,336.0000,28
4350,Random Removal,Destroy,12.4310,404.0000,34
4350,VehicleReductionAwareDestroy,Destroy,12.1301,372.0000,31
4350,ChargingAwareRouteBuilder,Repair,12.5488,368.0000,31
4350,Adaptive Insertion,Repair,12.0445,300.0000,25
4350,Greedy Energy Insertion (Enhanced),Repair,11.9915,358.0000,30
4350,Smart Station Repair,Repair,12.6220,370.0000,31
4350,Regret-3 Repair (Smart Packing),Repair,12.0368,396.0000,33
4500,EnergyCriticalRemoval,Destroy,12.4136,456.0000,38
4500,Route Merging Destroy,Destroy,12.0628,312.0000,26
4500,TimeSlackDestroy,Destroy,12.2026,372.0000,31
4500,Random Removal,Destroy,12.3487,322.0000,27
4500,VehicleReductionAwareDestroy,Destroy,12.1106,336.0000,28
4500,ChargingAwareRouteBuilder,Repair,12.4471,418.0000,35
4500,Adaptive Insertion,Repair,12.0378,264.0000,22
4500,Greedy Energy Insertion (Enhanced),Repair,11.9827,384.0000,32
4500,Smart Station Repair,Repair,12.5190,384.0000,32
4500,Regret-3 Repair (Smart Packing),Repair,12.0313,348.0000,29
4650,EnergyCriticalRemoval,Destroy,12.3515,305.0000,18
4650,Route Merging Destroy,Destroy,12.0533,422.0000,36
4650,TimeSlackDestroy,Destroy,12.1722,411.0000,33
4650,Random Removal,Destroy,12.2853,432.0000,29
4650,VehicleReductionAwareDestroy,Destroy,12.0940,376.0000,34
4650,ChargingAwareRouteBuilder,Repair,12.3715,456.0000,33
4650,Adaptive Insertion,Repair,12.0321,424.0000,37
4650,Greedy Energy Insertion (Enhanced),Repair,11.9853,335.0000,27
4650,Smart Station Repair,Repair,12.4412,349.0000,21
4650,Regret-3 Repair (Smart Packing),Repair,12.0266,382.0000,32
4800,EnergyCriticalRemoval,Destroy,13.0405,318.0000,26
4800,Route Merging Destroy,Destroy,12.0037,477.0000,35
4800,TimeSlackDestroy,Destroy,12.2145,415.0000,33
4800,Random Removal,Destroy,12.6769,416.0000,32
4800,VehicleReductionAwareDestroy,Destroy,11.9387,268.0000,24
4800,ChargingAwareRouteBuilder,Repair,12.5885,427.0000,33
4800,Adaptive Insertion,Repair,11.9462,377.0000,31
4800,Greedy Energy Insertion (Enhanced),Repair,12.0486,335.0000,27
4800,Smart Station Repair,Repair,13.0679,371.0000,27
4800,Regret-3 Repair (Smart Packing),Repair,12.0132,384.0000,32
4950,EnergyCriticalRemoval,Destroy,12.9190,400.0000,29
4950,Route Merging Destroy,Destroy,12.2474,284.0000,24
4950,TimeSlackDestroy,Destroy,12.2687,349.0000,30
4950,Random Removal,Destroy,12.7254,486.0000,35
4950,VehicleReductionAwareDestroy,Destroy,11.8229,392.0000,32
4950,ChargingAwareRouteBuilder,Repair,12.6411,457.0000,32
4950,Adaptive Insertion,Repair,11.9785,335.0000,28
4950,Greedy Energy Insertion (Enhanced),Repair,12.1025,293.0000,26
4950,Smart Station Repair,Repair,13.1688,454.0000,33
4950,Regret-3 Repair (Smart Packing),Repair,12.0112,372.0000,31
5100,EnergyCriticalRemoval,Destroy,13.0501,458.0000,30
5100,Route Merging Destroy,Destroy,12.1853,290.0000,21
5100,TimeSlackDestroy,Destroy,12.1734,414.0000,35
5100,Random Removal,Destroy,12.8995,457.0000,37
5100,VehicleReductionAwareDestroy,Destroy,11.8870,365.0000,27
5100,ChargingAwareRouteBuilder,Repair,12.8871,371.0000,28
5100,Adaptive Insertion,Repair,11.9764,381.0000,31
5100,Greedy Energy Insertion (Enhanced),Repair,11.9775,450.0000,35
5100,Smart Station Repair,Repair,13.2571,496.0000,32
5100,Regret-3 Repair (Smart Packing),Repair,12.0095,286.0000,24
5250,EnergyCriticalRemoval,Destroy,13.3826,401.0000,31
5250,Route Merging Destroy,Destroy,12.4289,428.0000,34
5250,TimeSlackDestroy,Destroy,12.1217,365.0000,29
5250,Random Removal,Destroy,12.8172,407.0000,30
5250,VehicleReductionAwareDestroy,Destroy,12.1317,317.0000,26
5250,ChargingAwareRouteBuilder,Repair,12.9416,403.0000,30
5250,Adaptive Insertion,Repair,12.0235,380.0000,33
5250,Greedy Energy Insertion (Enhanced),Repair,12.1094,306.0000,28
5250,Smart Station Repair,Repair,13.5935,484.0000,32
5250,Regret-3 Repair (Smart Packing),Repair,11.9956,345.0000,27
5400,EnergyCriticalRemoval,Destroy,13.3155,518.0000,40
5400,Route Merging Destroy,Destroy,12.4528,331.0000,26
5400,TimeSlackDestroy,Destroy,12.1914,372.0000,28
5400,Random Removal,Destroy,12.9297,347.0000,28
5400,VehicleReductionAwareDestroy,Destroy,12.1408,404.0000,28
5400,ChargingAwareRouteBuilder,Repair,13.0153,377.0000,28
5400,Adaptive Insertion,Repair,11.9472,299.0000,24
5400,Greedy Energy Insertion (Enhanced),Repair,11.9323,320.0000,28
5400,Smart Station Repair,Repair,13.8233,595.0000,40
5400,Regret-3 Repair (Smart Packing),Repair,12.1129,381.0000,30
5550,EnergyCriticalRemoval,Destroy,13.2607,494.0000,33
5550,Route Merging Destroy,Destroy,12.4945,330.0000,28
5550,TimeSlackDestroy,Destroy,12.3555,267.0000,21
5550,Random Removal,Destroy,12.8491,448.0000,34
5550,VehicleReductionAwareDestroy,Destroy,12.4840,451.0000,34
5550,ChargingAwareRouteBuilder,Repair,13.0827,409.0000,30
5550,Adaptive Insertion,Repair,12.0239,335.0000,24
5550,Greedy Energy Insertion (Enhanced),Repair,11.8567,391.0000,32
5550,Smart Station Repair,Repair,13.9810,483.0000,33
5550,Regret-3 Repair (Smart Packing),Repair,12.2010,372.0000,31
5700,EnergyCriticalRemoval,Destroy,13.5171,534.0000,36
5700,Route Merging Destroy,Destroy,12.3882,427.0000,34
5700,TimeSlackDestroy,Destroy,12.4093,271.0000,21
5700,Random Removal,Destroy,12.8982,408.0000,31
5700,VehicleReductionAwareDestroy,Destroy,12.6011,320.0000,28
5700,ChargingAwareRouteBuilder,Repair,13.1653,382.0000,27
5700,Adaptive Insertion,Repair,12.3141,272.0000,23
5700,Greedy Energy Insertion (Enhanced),Repair,11.9110,340.0000,29
5700,Smart Station Repair,Repair,14.0793,558.0000,37
5700,Regret-3 Repair (Smart Packing),Repair,12.1708,408.0000,34
5850,EnergyCriticalRemoval,Destroy,13.7145,539.0000,35
5850,Route Merging Destroy,Destroy,12.4138,392.0000,34
5850,TimeSlackDestroy,Destroy,12.4836,458.0000,32
5850,Random Removal,Destroy,12.9377,358.0000,27
5850,VehicleReductionAwareDestroy,Destroy,12.4252,256.0000,22
5850,ChargingAwareRouteBuilder,Repair,13.3127,467.0000,33
5850,Adaptive Insertion,Repair,12.2409,358.0000,27
5850,Greedy Energy Insertion (Enhanced),Repair,11.8830,286.0000,25
5850,Smart Station Repair,Repair,14.2296,460.0000,29
5850,Regret-3 Repair (Smart Packing),Repair,12.1452,432.0000,36
6000,EnergyCriticalRemoval,Destroy,13.9673,488.0000,32
6000,Route Merging Destroy,Destroy,12.2811,286.0000,24
6000,TimeSlackDestroy,Destroy,12.7580,366.0000,31
6000,Random Removal,Destroy,12.9859,436.0000,33
6000,VehicleReductionAwareDestroy,Destroy,12.3069,354.0000,30
6000,ChargingAwareRouteBuilder,Repair,13.4385,487.0000,33
6000,Adaptive Insertion,Repair,12.3936,376.0000,32
6000,Greedy Energy Insertion (Enhanced),Repair,11.8166,352.0000,30
6000,Smart Station Repair,Repair,14.4745,439.0000,32
6000,Regret-3 Repair (Smart Packing),Repair,12.1234,276.0000,23
6150,EnergyCriticalRemoval,Destroy,14.1597,431.0000,29
6150,Route Merging Destroy,Destroy,12.2265,324.0000,28
6150,TimeSlackDestroy,Destroy,12.6152,400.0000,34
6150,Random Removal,Destroy,13.0199,371.0000,30
6150,VehicleReductionAwareDestroy,Destroy,12.2308,353.0000,29
6150,ChargingAwareRouteBuilder,Repair,13.6364,314.0000,29
6150,Adaptive Insertion,Repair,12.2971,415.0000,33
6150,Greedy Energy Insertion (Enhanced),Repair,11.8041,405.0000,30
6150,Smart Station Repair,Repair,14.3611,385.0000,28
6150,Regret-3 Repair (Smart Packing),Repair,12.1049,360.0000,30
6300,EnergyCriticalRemoval,Destroy,14.2651,437.0000,37
6300,Route Merging Destroy,Destroy,12.1282,381.0000,30
6300,TimeSlackDestroy,Destroy,12.4877,288.0000,24
6300,Random Removal,Destroy,12.9219,310.0000,26
6300,VehicleReductionAwareDestroy,Destroy,12.2221,384.0000,33
6300,ChargingAwareRouteBuilder,Repair,13.2151,242.0000,21
6300,Adaptive Insertion,Repair,12.3389,282.0000,24
6300,Greedy Energy Insertion (Enhanced),Repair,12.0585,346.0000,29
6300,Smart Station Repair,Repair,14.2694,510.0000,41
6300,Regret-3 Repair (Smart Packing),Repair,12.0892,420.0000,35
6450,EnergyCriticalRemoval,Destroy,13.8969,520.0000,43
6450,Route Merging Destroy,Destroy,12.2140,276.0000,23
6450,TimeSlackDestroy,Destroy,12.4145,317.0000,25
6450,Random Removal,Destroy,12.7721,385.0000,27
6450,VehicleReductionAwareDestroy,Destroy,12.1342,384.0000,32
6450,ChargingAwareRouteBuilder,Repair,12.9614,401.0000,29
6450,Adaptive Insertion,Repair,12.2505,417.0000,34
6450,Greedy Energy Insertion (Enhanced),Repair,12.0393,284.0000,24
6450,Smart Station Repair,Repair,13.9949,444.0000,35
6450,Regret-3 Repair (Smart Packing),Repair,12.0758,336.0000,28
6600,EnergyCriticalRemoval,Destroy,13.6264,395.0000,33
6600,Route Merging Destroy,Destroy,12.1819,356.0000,30
6600,TimeSlackDestroy,Destroy,12.4543,286.0000,24
6600,Random Removal,Destroy,12.9951,390.0000,33
6600,VehicleReductionAwareDestroy,Destroy,12.1141,348.0000,30
6600,ChargingAwareRouteBuilder,Repair,13.0913,394.0000,34
6600,Adaptive Insertion,Repair,12.2527,364.0000,31
6600,Greedy Energy Insertion (Enhanced),Repair,12.0084,312.0000,27
6600,Smart Station Repair,Repair,13.7985,309.0000,25
6600,Regret-3 Repair (Smart Packing),Repair,12.0644,396.0000,33
6750,EnergyCriticalRemoval,Destroy,13.3779,381.0000,32
6750,Route Merging Destroy,Destroy,12.1346,389.0000,31
6750,TimeSlackDestroy,Destroy,12.3737,336.0000,28
6750,Random Removal,Destroy,12.8186,306.0000,26
6750,VehicleReductionAwareDestroy,Destroy,12.0370,390.0000,33
6750,ChargingAwareRouteBuilder,Repair,12.8658,314.0000,27
6750,Adaptive Insertion,Repair,12.1761,352.0000,30
6750,Greedy Energy Insertion (Enhanced),Repair,11.9405,327.0000,26
6750,Smart Station Repair,Repair,13.5827,449.0000,37
6750,Regret-3 Repair (Smart Packing),Repair,12.0548,360.0000,30
6900,EnergyCriticalRemoval,Destroy,13.1571,291.0000,25
6900,Route Merging Destroy,Destroy,12.1967,336.0000,28
6900,TimeSlackDestroy,Destroy,12.3176,372.0000,31
6900,Random Removal,Destroy,12.6612,439.0000,35
6900,VehicleReductionAwareDestroy,Destroy,12.0042,372.0000,31
6900,ChargingAwareRouteBuilder,Repair,12.6804,311.0000,25
6900,Adaptive Insertion,Repair,12.1097,466.0000,39
6900,Greedy Energy Insertion (Enhanced),Repair,12.0360,310.0000,26
6900,Smart Station Repair,Repair,13.3656,339.0000,28
6900,Regret-3 Repair (Smart Packing),Repair,12.0466,384.0000,32
7050,EnergyCriticalRemoval,Destroy,12.9295,355.0000,30
7050,Route Merging Destroy,Destroy,12.1672,288.0000,24
7050,TimeSlackDestroy,Destroy,12.2700,373.0000,26
7050,Random Removal,Destroy,12.6434,563.0000,42
7050,VehicleReductionAwareDestroy,Destroy,12.0035,336.0000,28
7050,ChargingAwareRouteBuilder,Repair,12.6444,423.0000,27
7050,Adaptive Insertion,Repair,12.0855,264.0000,22
7050,Greedy Energy Insertion (Enhanced),Repair,12.0190,428.0000,36
7050,Smart Station Repair,Repair,13.1768,452.0000,36
7050,Regret-3 Repair (Smart Packing),Repair,12.0396,348.0000,29
7200,EnergyCriticalRemoval,Destroy,12.7651,373.0000,27
7200,Route Merging Destroy,Destroy,12.1421,358.0000,30
7200,TimeSlackDestroy,Destroy,12.5814,318.0000,24
7200,Random Removal,Destroy,12.7576,444.0000,37
7200,VehicleReductionAwareDestroy,Destroy,12.0030,372.0000,32
7200,ChargingAwareRouteBuilder,Repair,13.0977,421.0000,34
7200,Adaptive Insertion,Repair,12.0727,258.0000,22
7200,Greedy Energy Insertion (Enhanced),Repair,11.9995,405.0000,33
7200,Smart Station Repair,Repair,13.0836,421.0000,31
7200,Regret-3 Repair (Smart Packing),Repair,12.0336,360.0000,30
7350,EnergyCriticalRemoval,Destroy,12.9226,342.0000,30
7350,Route Merging Destroy,Destroy,12.1108,420.0000,35
7350,TimeSlackDestroy,Destroy,12.6817,348.0000,29
7350,Random Removal,Destroy,12.6440,295.0000,23
7350,VehicleReductionAwareDestroy,Destroy,11.9463,396.0000,33
7350,ChargingAwareRouteBuilder,Repair,12.9904,457.0000,37
7350,Adaptive Insertion,Repair,12.0209,272.0000,23
7350,Greedy Energy Insertion (Enhanced),Repair,12.0405,274.0000,23
7350,Smart Station Repair,Repair,13.1582,402.0000,34
7350,Regret-3 Repair (Smart Packing),Repair,12.0286,396.0000,33
7500,EnergyCriticalRemoval,Destroy,12.6942,368.0000,33
7500,Route Merging Destroy,Destroy,12.0942,396.0000,33
7500,TimeSlackDestroy,Destroy,12.5794,372.0000,31
7500,Random Removal,Destroy,12.6713,332.0000,28
7500,VehicleReductionAwareDestroy,Destroy,11.9544,300.0000,25
7500,ChargingAwareRouteBuilder,Repair,12.8945,410.0000,35
7500,Adaptive Insertion,Repair,11.9917,272.0000,23
7500,Greedy Energy Insertion (Enhanced),Repair,12.0214,410.0000,35
7500,Smart Station Repair,Repair,12.9580,352.0000,30
7500,Regret-3 Repair (Smart Packing),Repair,12.0243,324.0000,27
7650,EnergyCriticalRemoval,Destroy,12.4628,378.0000,27
7650,Route Merging Destroy,Destroy,12.0800,327.0000,26
7650,TimeSlackDestroy,Destroy,12.4925,402.0000,34
7650,Random Removal,Destroy,12.5492,422.0000,33
7650,VehicleReductionAwareDestroy,Destroy,11.9612,392.0000,30
7650,ChargingAwareRouteBuilder,Repair,12.7175,419.0000,32
7650,Adaptive Insertion,Repair,11.9668,266.0000,23
7650,Greedy Energy Insertion (Enhanced),Repair,11.9753,435.0000,32
7650,Smart Station Repair,Repair,12.7743,369.0000,27
7650,Regret-3 Repair (Smart Packing),Repair,12.0207,432.0000,36
7800,EnergyCriticalRemoval,Destroy,12.6934,379.0000,25
7800,Route Merging Destroy,Destroy,12.1546,388.0000,34
7800,TimeSlackDestroy,Destroy,12.3922,399.0000,29
7800,Random Removal,Destroy,12.5850,412.0000,31
7800,VehicleReductionAwareDestroy,Destroy,12.1270,395.0000,31
7800,ChargingAwareRouteBuilder,Repair,12.7739,456.0000,35
7800,Adaptive Insertion,Repair,11.9066,210.0000,18
7800,Greedy Energy Insertion (Enhanced),Repair,12.2181,330.0000,25
7800,Smart Station Repair,Repair,12.9081,619.0000,42
7800,Regret-3 Repair (Smart Packing),Repair,12.0176,358.0000,30
7950,EnergyCriticalRemoval,Destroy,13.0634,549.0000,41
7950,Route Merging Destroy,Destroy,12.0431,372.0000,31
7950,TimeSlackDestroy,Destroy,12.5971,258.0000,22
7950,Random Removal,Destroy,12.6908,427.0000,34
7950,VehicleReductionAwareDestroy,Destroy,12.2193,248.0000,22
7950,ChargingAwareRouteBuilder,Repair,12.8121,255.0000,21
7950,Adaptive Insertion,Repair,11.8706,365.0000,30
7950,Greedy Energy Insertion (Enhanced),Repair,12.3654,386.0000,34
7950,Smart Station Repair,Repair,13.1826,452.0000,32
7950,Regret-3 Repair (Smart Packing),Repair,12.0049,396.0000,33
8100,EnergyCriticalRemoval,Destroy,13.1124,430.0000,32
8100,Route Merging Destroy,Destroy,12.0367,260.0000,22
8100,TimeSlackDestroy,Destroy,12.4667,380.0000,29
8100,Random Removal,Destroy,12.6710,452.0000,35
8100,VehicleReductionAwareDestroy,Destroy,12.0773,390.0000,32
8100,ChargingAwareRouteBuilder,Repair,12.7117,395.0000,35
8100,Adaptive Insertion,Repair,11.9150,358.0000,31
8100,Greedy Energy Insertion (Enhanced),Repair,12.2135,348.0000,27
8100,Smart Station Repair,Repair,13.3240,523.0000,33
8100,Regret-3 Repair (Smart Packing),Repair,12.0042,288.0000,24
8250,EnergyCriticalRemoval,Destroy,13.1612,405.0000,32
8250,Route Merging Destroy,Destroy,12.0039,330.0000,28
8250,TimeSlackDestroy,Destroy,12.5622,333.0000,26
8250,Random Removal,Destroy,12.7075,416.0000,32
8250,VehicleReductionAwareDestroy,Destroy,12.0938,394.0000,32
8250,ChargingAwareRouteBuilder,Repair,12.4978,247.0000,21
8250,Adaptive Insertion,Repair,11.8600,399.0000,33
8250,Greedy Energy Insertion (Enhanced),Repair,12.3148,362.0000,32
8250,Smart Station Repair,Repair,13.7027,486.0000,32
8250,Regret-3 Repair (Smart Packing),Repair,12.0036,384.0000,32
8400,EnergyCriticalRemoval,Destroy,13.0854,369.0000,28
8400,Route Merging Destroy,Destroy,11.9712,272.0000,23
8400,TimeSlackDestroy,Destroy,12.5990,419.0000,34
8400,Random Removal,Destroy,12.7514,494.0000,36
8400,VehicleReductionAwareDestroy,Destroy,12.1266,361.0000,29
8400,ChargingAwareRouteBuilder,Repair,12.3874,334.0000,27
8400,Adaptive Insertion,Repair,11.8946,333.0000,27
8400,Greedy Energy Insertion (Enhanced),Repair,12.1645,320.0000,27
8400,Smart Station Repair,Repair,13.9254,474.0000,31
8400,Regret-3 Repair (Smart Packing),Repair,12.0030,454.0000,38
8550,EnergyCriticalRemoval,Destroy,13.0994,492.0000,38
8550,Route Merging Destroy,Destroy,11.9494,342.0000,29
8550,TimeSlackDestroy,Destroy,12.5577,456.0000,35
8550,Random Removal,Destroy,12.8970,277.0000,22
8550,VehicleReductionAwareDestroy,Destroy,12.1749,294.0000,26
8550,ChargingAwareRouteBuilder,Repair,12.3849,351.0000,26
8550,Adaptive Insertion,Repair,11.9604,433.0000,36
8550,Greedy Energy Insertion (Enhanced),Repair,12.1176,340.0000,30
8550,Smart Station Repair,Repair,14.1301,401.0000,30
8550,Regret-3 Repair (Smart Packing),Repair,11.9947,336.0000,28
8700,EnergyCriticalRemoval,Destroy,13.0766,380.0000,26
8700,Route Merging Destroy,Destroy,11.9260,372.0000,31
8700,TimeSlackDestroy,Destroy,12.6283,335.0000,27
8700,Random Removal,Destroy,12.8511,363.0000,29
8700,VehicleReductionAwareDestroy,Destroy,12.0448,452.0000,37
8700,ChargingAwareRouteBuilder,Repair,12.5522,255.0000,21
8700,Adaptive Insertion,Repair,11.9705,353.0000,29
8700,Greedy Energy Insertion (Enhanced),Repair,11.9999,242.0000,21
8700,Smart Station Repair,Repair,14.0156,632.0000,44
8700,Regret-3 Repair (Smart Packing),Repair,11.9955,420.0000,35
8850,EnergyCriticalRemoval,Destroy,13.3074,349.0000,26
8850,Route Merging Destroy,Destroy,11.9371,352.0000,30
8850,TimeSlackDestroy,Destroy,12.5952,411.0000,33
8850,Random Removal,Destroy,12.8010,345.0000,24
8850,VehicleReductionAwareDestroy,Destroy,12.0705,502.0000,37
8850,ChargingAwareRouteBuilder,Repair,12.4908,450.0000,33
8850,Adaptive Insertion,Repair,12.0008,296.0000,25
8850,Greedy Energy Insertion (Enhanced),Repair,11.9285,387.0000,28
8850,Smart Station Repair,Repair,14.0678,598.0000,45
8850,Regret-3 Repair (Smart Packing),Repair,11.9962,228.0000,19
9000,EnergyCriticalRemoval,Destroy,13.3248,355.0000,23
9000,Route Merging Destroy,Destroy,11.9065,354.0000,30
9000,TimeSlackDestroy,Destroy,12.5741,466.0000,36
9000,Random Removal,Destroy,13.0371,420.0000,32
9000,VehicleReductionAwareDestroy,Destroy,12.2951,322.0000,29
9000,ChargingAwareRouteBuilder,Repair,12.6626,356.0000,28
9000,Adaptive Insertion,Repair,11.9767,280.0000,24
9000,Greedy Energy Insertion (Enhanced),Repair,12.2125,394.0000,34
9000,Smart Station Repair,Repair,13.9510,563.0000,37
9000,Regret-3 Repair (Smart Packing),Repair,11.9967,324.0000,27
9150,EnergyCriticalRemoval,Destroy,13.6413,462.0000,30
9150,Route Merging Destroy,Destroy,11.8905,268.0000,23
9150,TimeSlackDestroy,Destroy,12.6296,520.0000,44
9150,Random Removal,Destroy,13.0503,363.0000,26
9150,VehicleReductionAwareDestroy,Destroy,12.1163,302.0000,27
9150,ChargingAwareRouteBuilder,Repair,12.6704,406.0000,29
9150,Adaptive Insertion,Repair,11.9302,292.0000,25
9150,Greedy Energy Insertion (Enhanced),Repair,12.1188,304.0000,26
9150,Smart Station Repair,Repair,14.1408,541.0000,39
9150,Regret-3 Repair (Smart Packing),Repair,11.9972,372.0000,31
9300,EnergyCriticalRemoval,Destroy,13.9051,333.0000,27
9300,Route Merging Destroy,Destroy,11.8548,360.0000,30
9300,TimeSlackDestroy,Destroy,12.5079,346.0000,29
9300,Random Removal,Destroy,13.1870,441.0000,35
9300,VehicleReductionAwareDestroy,Destroy,11.9767,324.0000,29
9300,ChargingAwareRouteBuilder,Repair,12.8698,416.0000,32
9300,Adaptive Insertion,Repair,11.8927,270.0000,23
9300,Greedy Energy Insertion (Enhanced),Repair,12.0548,430.0000,36
9300,Smart Station Repair,Repair,14.1004,376.0000,33
9300,Regret-3 Repair (Smart Packing),Repair,11.9976,312.0000,26
9450,EnergyCriticalRemoval,Destroy,13.6693,357.0000,26
9450,Route Merging Destroy,Destroy,11.8766,348.0000,29
9450,TimeSlackDestroy,Destroy,12.4214,410.0000,35
9450,Random Removal,Destroy,13.0989,421.0000,30
9450,VehicleReductionAwareDestroy,Destroy,11.8560,360.0000,30
9450,ChargingAwareRouteBuilder,Repair,12.8893,461.0000,34
9450,Adaptive Insertion,Repair,11.8696,214.0000,18
9450,Greedy Energy Insertion (Enhanced),Repair,12.0383,454.0000,38
9450,Smart Station Repair,Repair,13.6944,419.0000,31
9450,Regret-3 Repair (Smart Packing),Repair,11.9980,348.0000,29
9600,EnergyCriticalRemoval,Destroy,13.6785,516.0000,35
9600,Route Merging Destroy,Destroy,11.8951,444.0000,37
9600,TimeSlackDestroy,Destroy,12.3153,355.0000,28
9600,Random Removal,Destroy,13.2391,354.0000,30
9600,VehicleReductionAwareDestroy,Destroy,11.8776,236.0000,20
9600,ChargingAwareRouteBuilder,Repair,12.9898,373.0000,27
9600,Adaptive Insertion,Repair,11.8725,362.0000,31
9600,Greedy Energy Insertion (Enhanced),Repair,12.0246,364.0000,31
9600,Smart Station Repair,Repair,13.6677,389.0000,28
9600,Regret-3 Repair (Smart Packing),Repair,11.9983,417.0000,33
9750,EnergyCriticalRemoval,Destroy,13.8382,560.0000,43
9750,Route Merging Destroy,Destroy,11.9108,460.0000,35
9750,TimeSlackDestroy,Destroy,12.3698,322.0000,27
9750,Random Removal,Destroy,13.0232,262.0000,22
9750,VehicleReductionAwareDestroy,Destroy,11.8660,297.0000,23
9750,ChargingAwareRouteBuilder,Repair,13.1135,406.0000,31
9750,Adaptive Insertion,Repair,11.8433,357.0000,29
9750,Greedy Energy Insertion (Enhanced),Repair,11.9822,376.0000,29
9750,Smart Station Repair,Repair,13.7015,378.0000,29
9750,Regret-3 Repair (Smart Packing),Repair,12.0940,384.0000,32
9900,EnergyCriticalRemoval,Destroy,13.7159,361.0000,30
9900,Route Merging Destroy,Destroy,12.0956,360.0000,30
9900,TimeSlackDestroy,Destroy,12.3032,276.0000,23
9900,Random Removal,Destroy,12.8561,439.0000,35
9900,VehicleReductionAwareDestroy,Destroy,12.0230,380.0000,32
9900,ChargingAwareRouteBuilder,Repair,13.1110,424.0000,36
9900,Adaptive Insertion,Repair,11.9133,352.0000,30
9900,Greedy Energy Insertion (Enhanced),Repair,12.1297,262.0000,22
9900,Smart Station Repair,Repair,13.6014,358.0000,27
9900,Regret-3 Repair (Smart Packing),Repair,12.0799,420.0000,35
10050,EnergyCriticalRemoval,Destroy,13.4636,373.0000,29
10050,Route Merging Destroy,Destroy,12.0813,312.0000,26
10050,TimeSlackDestroy,Destroy,12.2577,369.0000,29
10050,Random Removal,Destroy,12.8091,427.0000,35
10050,VehicleReductionAwareDestroy,Destroy,12.0008,408.0000,31
10050,ChargingAwareRouteBuilder,Repair,12.9110,468.0000,37
10050,Adaptive Insertion,Repair,11.8863,355.0000,25
10050,Greedy Energy Insertion (Enhanced),Repair,12.0966,364.0000,31
10050,Smart Station Repair,Repair,13.5501,438.0000,35
10050,Regret-3 Repair (Smart Packing),Repair,12.0679,264.0000,22
10200,EnergyCriticalRemoval,Destroy,13.3733,489.0000,42
10200,Route Merging Destroy,Destroy,12.0691,334.0000,28
10200,TimeSlackDestroy,Destroy,12.3277,399.0000,32
10200,Random Removal,Destroy,12.7178,260.0000,22
10200,VehicleReductionAwareDestroy,Destroy,12.1749,306.0000,26
10200,ChargingAwareRouteBuilder,Repair,12.8717,486.0000,42
10200,Adaptive Insertion,Repair,12.2334,294.0000,25
10200,Greedy Energy Insertion (Enhanced),Repair,12.0434,300.0000,25
10200,Smart Station Repair,Repair,13.3947,480.0000,39
10200,Regret-3 Repair (Smart Packing),Repair,12.0577,228.0000,19
10350,EnergyCriticalRemoval,Destroy,13.1138,439.0000,37
10350,Route Merging Destroy,Destroy,12.0480,312.0000,26
10350,TimeSlackDestroy,Destroy,12.3489,296.0000,25
10350,Random Removal,Destroy,12.5828,370.0000,31
10350,VehicleReductionAwareDestroy,Destroy,12.1140,372.0000,31
10350,ChargingAwareRouteBuilder,Repair,12.6766,375.0000,30
10350,Adaptive Insertion,Repair,12.1624,334.0000,28
10350,Greedy Energy Insertion (Enhanced),Repair,12.0369,398.0000,34
10350,Smart Station Repair,Repair,13.2317,334.0000,29
10350,Regret-3 Repair (Smart Packing),Repair,12.0491,348.0000,29
10500,EnergyCriticalRemoval,Destroy,12.9264,282.0000,21
10500,Route Merging Destroy,Destroy,12.0408,324.0000,27
10500,TimeSlackDestroy,Destroy,12.2725,426.0000,36
10500,Random Removal,Destroy,12.4857,483.0000,39
10500,VehicleReductionAwareDestroy,Destroy,12.0969,324.0000,27
10500,ChargingAwareRouteBuilder,Repair,12.6501,349.0000,28
10500,Adaptive Insertion,Repair,12.1273,293.0000,23
10500,Greedy Energy Insertion (Enhanced),Repair,11.9873,394.0000,33
10500,Smart Station Repair,Repair,12.9745,383.0000,31
10500,Regret-3 Repair (Smart Packing),Repair,12.0417,420.0000,35
10650,EnergyCriticalRemoval,Destroy,13.0017,463.0000,32
10650,Route Merging Destroy,Destroy,12.0347,312.0000,26
10650,TimeSlackDestroy,Destroy,12.2067,322.0000,27
10650,Random Removal,Destroy,12.4706,569.0000,43
10650,VehicleReductionAwareDestroy,Destroy,12.0824,298.0000,22
10650,ChargingAwareRouteBuilder,Repair,12.6223,488.0000,36
10650,Adaptive Insertion,Repair,12.2191,346.0000,29
10650,Greedy Energy Insertion (Enhanced),Repair,11.9801,296.0000,25
10650,Smart Station Repair,Repair,12.8816,450.0000,28
10650,Regret-3 Repair (Smart Packing),Repair,12.0355,384.0000,32
10800,EnergyCriticalRemoval,Destroy,13.2218,488.0000,33
10800,Route Merging Destroy,Destroy,12.0295,458.0000,38
10800,TimeSlackDestroy,Destroy,12.1645,286.0000,25
10800,Random Removal,Destroy,12.5849,346.0000,26
10800,VehicleReductionAwareDestroy,Destroy,12.3019,337.0000,28
10800,ChargingAwareRouteBuilder,Repair,12.7623,501.0000,40
10800,Adaptive Insertion,Repair,12.1759,445.0000,37
10800,Greedy Energy Insertion (Enhanced),Repair,11.9591,314.0000,27
10800,Smart Station Repair,Repair,13.3600,379.0000,23
10800,Regret-3 Repair (Smart Packing),Repair,12.0301,276.0000,23
10950,EnergyCriticalRemoval,Destroy,13.4567,468.0000,36
10950,Route Merging Destroy,Destroy,12.0330,320.0000,28
10950,TimeSlackDestroy,Destroy,12.0559,240.0000,20
10950,Random Removal,Destroy,12.6933,338.0000,29
10950,VehicleReductionAwareDestroy,Destroy,12.2619,451.0000,37
10950,ChargingAwareRouteBuilder,Repair,12.7267,324.0000,25
10950,Adaptive Insertion,Repair,12.1535,367.0000,30
10950,Greedy Energy Insertion (Enhanced),Repair,11.9097,285.0000,24
10950,Smart Station Repair,Repair,13.8278,457.0000,39
10950,Regret-3 Repair (Smart Packing),Repair,12.0256,384.0000,32
11100,EnergyCriticalRemoval,Destroy,13.3882,415.0000,33
11100,Route Merging Destroy,Destroy,11.9423,407.0000,34
11100,TimeSlackDestroy,Destroy,12.0475,272.0000,23
11100,Random Removal,Destroy,12.5376,411.0000,30
11100,VehicleReductionAwareDestroy,Destroy,12.2510,355.0000,30
11100,ChargingAwareRouteBuilder,Repair,12.7617,577.0000,43
11100,Adaptive Insertion,Repair,12.1655,396.0000,35
11100,Greedy Energy Insertion (Enhanced),Repair,11.9045,226.0000,20
11100,Smart Station Repair,Repair,13.5113,327.0000,24
11100,Regret-3 Repair (Smart Packing),Repair,12.0218,334.0000,28
11250,EnergyCriticalRemoval,Destroy,13.2663,575.0000,39
11250,Route Merging Destroy,Destroy,11.9465,284.0000,25
11250,TimeSlackDestroy,Destroy,12.0143,283.0000,22
11250,Random Removal,Destroy,12.7119,390.0000,30
11250,VehicleReductionAwareDestroy,Destroy,12.1884,390.0000,34
11250,ChargingAwareRouteBuilder,Repair,12.8602,418.0000,28
11250,Adaptive Insertion,Repair,12.0378,483.0000,40
11250,Greedy Energy Insertion (Enhanced),Repair,11.8138,414.0000,32
11250,Smart Station Repair,Repair,13.5284,321.0000,26
11250,Regret-3 Repair (Smart Packing),Repair,12.0078,286.0000,24
11400,EnergyCriticalRemoval,Destroy,13.4879,387.0000,30
11400,Route Merging Destroy,Destroy,11.8586,246.0000,21
11400,TimeSlackDestroy,Destroy,12.1417,456.0000,35
11400,Random Removal,Destroy,12.7551,414.0000,32
11400,VehicleReductionAwareDestroy,Destroy,12.0807,368.0000,32
11400,ChargingAwareRouteBuilder,Repair,13.1705,406.0000,29
11400,Adaptive Insertion,Repair,12.0434,278.0000,24
11400,Greedy Energy Insertion (Enhanced),Repair,11.9823,455.0000,37
11400,Smart Station Repair,Repair,13.3510,422.0000,34
11400,Regret-3 Repair (Smart Packing),Repair,11.9941,310.0000,26
11550,EnergyCriticalRemoval,Destroy,13.3997,666.0000,37
11550,Route Merging Destroy,Destroy,11.8369,373.0000,30
11550,TimeSlackDestroy,Destroy,12.2747,292.0000,25
11550,Random Removal,Destroy,12.7825,347.0000,24
11550,VehicleReductionAwareDestroy,Destroy,11.9936,395.0000,34
11550,ChargingAwareRouteBuilder,Repair,13.2949,514.0000,35
11550,Adaptive Insertion,Repair,11.9744,319.0000,26
11550,Greedy Energy Insertion (Enhanced),Repair,12.0296,299.0000,24
11550,Smart Station Repair,Repair,13.2101,593.0000,36
11550,Regret-3 Repair (Smart Packing),Repair,11.9835,348.0000,29
11700,EnergyCriticalRemoval,Destroy,14.0898,299.0000,26
11700,Route Merging Destroy,Destroy,11.9264,292.0000,26
11700,TimeSlackDestroy,Destroy,12.1855,503.0000,39
11700,Random Removal,Destroy,13.0339,369.0000,29
11700,VehicleReductionAwareDestroy,Destroy,11.9372,376.0000,30
11700,ChargingAwareRouteBuilder,Repair,13.5035,354.0000,29
11700,Adaptive Insertion,Repair,12.0186,368.0000,32
11700,Greedy Energy Insertion (Enhanced),Repair,12.0939,286.0000,27
11700,Smart Station Repair,Repair,13.6994,459.0000,31
11700,Regret-3 Repair (Smart Packing),Repair,11.9859,372.0000,31
11850,EnergyCriticalRemoval,Destroy,13.7013,510.0000,39
11850,Route Merging Destroy,Destroy,11.8220,362.0000,31
11850,TimeSlackDestroy,Destroy,12.2923,459.0000,38
11850,Random Removal,Destroy,12.9874,313.0000,25
11850,VehicleReductionAwareDestroy,Destroy,12.0266,215.0000,17
11850,ChargingAwareRouteBuilder,Repair,13.3090,446.0000,36
11850,Adaptive Insertion,Repair,11.9408,392.0000,35
11850,Greedy Energy Insertion (Enhanced),Repair,11.8687,339.0000,28
11850,Smart Station Repair,Repair,13.8655,349.0000,25
11850,Regret-3 Repair (Smart Packing),Repair,11.9881,333.0000,26
12000,EnergyCriticalRemoval,Destroy,13.6077,381.0000,29
12000,Route Merging Destroy,Destroy,11.8003,318.0000,27
12000,TimeSlackDestroy,Destroy,12.2603,321.0000,25
12000,Random Removal,Destroy,12.9173,404.0000,34
12000,VehicleReductionAwareDestroy,Destroy,12.1197,419.0000,35
12000,ChargingAwareRouteBuilder,Repair,13.1710,369.0000,31
12000,Adaptive Insertion,Repair,11.8297,522.0000,41
12000,Greedy Energy Insertion (Enhanced),Repair,11.9045,332.0000,29
12000,Smart Station Repair,Repair,13.8797,344.0000,26
12000,Regret-3 Repair (Smart Packing),Repair,12.1110,276.0000,23
12150,EnergyCriticalRemoval,Destroy,13.5372,424.0000,31
12150,Route Merging Destroy,Destroy,11.7970,258.0000,22
12150,TimeSlackDestroy,Destroy,12.3472,539.0000,44
12150,Random Removal,Destroy,12.7621,404.0000,31
12150,VehicleReductionAwareDestroy,Destroy,12.0975,278.0000,22
12150,ChargingAwareRouteBuilder,Repair,12.9808,420.0000,27
12150,Adaptive Insertion,Repair,11.9650,411.0000,33
12150,Greedy Energy Insertion (Enhanced),Repair,11.8360,300.0000,26
12150,Smart Station Repair,Repair,13.7823,424.0000,35
12150,Regret-3 Repair (Smart Packing),Repair,12.0944,348.0000,29
12300,EnergyCriticalRemoval,Destroy,13.5582,365.0000,30
12300,Route Merging Destroy,Destroy,11.7865,348.0000,29
12300,TimeSlackDestroy,Destroy,12.3327,358.0000,30
12300,Random Removal,Destroy,12.8026,336.0000,28
12300,VehicleReductionAwareDestroy,Destroy,12.1783,399.0000,33
12300,ChargingAwareRouteBuilder,Repair,13.3670,306.0000,26
12300,Adaptive Insertion,Repair,12.0384,380.0000,32
12300,Greedy Energy Insertion (Enhanced),Repair,11.7914,262.0000,22
12300,Smart Station Repair,Repair,13.5321,546.0000,44
12300,Regret-3 Repair (Smart Packing),Repair,12.0802,312.0000,26
12450,EnergyCriticalRemoval,Destroy,13.3495,384.0000,27
12450,Route Merging Destroy,Destroy,11.8185,360.0000,30
12450,TimeSlackDestroy,Destroy,12.2728,456.0000,32
12450,Random Removal,Destroy,12.6822,461.0000,37
12450,VehicleReductionAwareDestroy,Destroy,12.1652,288.0000,24
12450,ChargingAwareRouteBuilder,Repair,13.1274,419.0000,27
12450,Adaptive Insertion,Repair,12.0139,416.0000,35
12450,Greedy Energy Insertion (Enhanced),Repair,11.8091,272.0000,23
12450,Smart Station Repair,Repair,13.3637,542.0000,40
12450,Regret-3 Repair (Smart Packing),Repair,12.0682,300.0000,25
12600,EnergyCriticalRemoval,Destroy,13.4804,344.0000,27
12600,Route Merging Destroy,Destroy,11.8458,370.0000,31
12600,TimeSlackDestroy,Destroy,12.5693,342.0000,29
12600,Random Removal,Destroy,12.6488,390.0000,33
12600,VehicleReductionAwareDestroy,Destroy,12.1404,356.0000,30
12600,ChargingAwareRouteBuilder,Repair,13.4860,325.0000,26
12600,Adaptive Insertion,Repair,11.9947,513.0000,42
12600,Greedy Energy Insertion (Enhanced),Repair,11.8116,298.0000,25
12600,Smart Station Repair,Repair,13.3916,390.0000,34
12600,Regret-3 Repair (Smart Packing),Repair,12.0579,276.0000,23
12750,EnergyCriticalRemoval,Destroy,13.3695,454.0000,36
12750,Route Merging Destroy,Destroy,11.8592,355.0000,28
12750,TimeSlackDestroy,Destroy,12.4529,394.0000,33
12750,Random Removal,Destroy,12.5242,298.0000,25
12750,VehicleReductionAwareDestroy,Destroy,12.0993,336.0000,28
12750,ChargingAwareRouteBuilder,Repair,13.3381,370.0000,28
12750,Adaptive Insertion,Repair,12.0276,491.0000,40
12750,Greedy Energy Insertion (Enhanced),Repair,11.8279,272.0000,23
12750,Smart Station Repair,Repair,13.1035,332.0000,28
12750,Regret-3 Repair (Smart Packing),Repair,12.0493,372.0000,31
12900,EnergyCriticalRemoval,Destroy,13.2557,423.0000,34
12900,Route Merging Destroy,Destroy,11.9821,432.0000,36
12900,TimeSlackDestroy,Destroy,12.3759,324.0000,27
12900,Random Removal,Destroy,12.4336,336.0000,28
12900,VehicleReductionAwareDestroy,Destroy,12.0844,300.0000,25
12900,ChargingAwareRouteBuilder,Repair,13.3196,377.0000,30
12900,Adaptive Insertion,Repair,12.0647,300.0000,25
12900,Greedy Energy Insertion (Enhanced),Repair,11.8276,444.0000,37
12900,Smart Station Repair,Repair,12.9165,430.0000,36
12900,Regret-3 Repair (Smart Packing),Repair,12.0419,264.0000,22
13050,EnergyCriticalRemoval,Destroy,13.1335,480.0000,39
13050,Route Merging Destroy,Destroy,11.9848,324.0000,27
13050,TimeSlackDestroy,Destroy,12.3195,286.0000,24
13050,Random Removal,Destroy,12.3685,392.0000,33
13050,VehicleReductionAwareDestroy,Destroy,12.0718,320.0000,27
13050,ChargingAwareRouteBuilder,Repair,13.2066,477.0000,39
13050,Adaptive Insertion,Repair,12.0550,380.0000,32
13050,Greedy Energy Insertion (Enhanced),Repair,11.8535,417.0000,34
13050,Smart Station Repair,Repair,12.7707,254.0000,22
13050,Regret-3 Repair (Smart Packing),Repair,12.0356,274.0000,23
13200,EnergyCriticalRemoval,Destroy,13.0096,372.0000,31
13200,Route Merging Destroy,Destroy,11.9871,312.0000,26
13200,TimeSlackDestroy,Destroy,12.2591,408.0000,34
13200,Random Removal,Destroy,12.2951,348.0000,29
13200,VehicleReductionAwareDestroy,Destroy,12.0388,360.0000,30
13200,ChargingAwareRouteBuilder,Repair,13.0602,324.0000,27
13200,Adaptive Insertion,Repair,12.0280,300.0000,25
13200,Greedy Energy Insertion (Enhanced),Repair,11.9151,396.0000,33
13200,Smart Station Repair,Repair,12.5869,336.0000,28
13200,Regret-3 Repair (Smart Packing),Repair,12.0172,444.0000,37
13350,EnergyCriticalRemoval,Destroy,12.8582,420.0000,37
13350,Route Merging Destroy,Destroy,11.9890,348.0000,29
13350,TimeSlackDestroy,Destroy,12.2202,296.0000,26
13350,Random Removal,Destroy,12.2508,413.0000,33
13350,VehicleReductionAwareDestroy,Destroy,12.0330,300.0000,25
13350,ChargingAwareRouteBuilder,Repair,12.9012,362.0000,31
13350,Adaptive Insertion,Repair,12.0238,260.0000,23
13350,Greedy Energy Insertion (Enhanced),Repair,11.9279,270.0000,23
13350,Smart Station Repair,Repair,12.4989,465.0000,38
13350,Regret-3 Repair (Smart Packing),Repair,12.0146,420.0000,35
13500,EnergyCriticalRemoval,Destroy,12.6322,429.0000,35
13500,Route Merging Destroy,Destroy,11.9907,396.0000,33
13500,TimeSlackDestroy,Destroy,12.0949,288.0000,24
13500,Random Removal,Destroy,12.2905,324.0000,27
13500,VehicleReductionAwareDestroy,Destroy,12.0280,372.0000,31
13500,ChargingAwareRouteBuilder,Repair,12.7176,413.0000,33
13500,Adaptive Insertion,Repair,11.9159,358.0000,30
13500,Greedy Energy Insertion (Enhanced),Repair,11.8996,298.0000,25
13500,Smart Station Repair,Repair,12.4596,428.0000,36
13500,Regret-3 Repair (Smart Packing),Repair,12.0124,312.0000,26
13650,EnergyCriticalRemoval,Destroy,12.5759,534.0000,32
13650,Route Merging Destroy,Destroy,11.9921,348.0000,29
13650,TimeSlackDestroy,Destroy,12.0806,367.0000,29
13650,Random Removal,Destroy,12.2469,381.0000,27
13650,VehicleReductionAwareDestroy,Destroy,12.0238,407.0000,33
13650,ChargingAwareRouteBuilder,Repair,12.6873,570.0000,35
13650,Adaptive Insertion,Repair,11.9185,344.0000,29
13650,Greedy Energy Insertion (Enhanced),Repair,11.9026,318.0000,27
13650,Smart Station Repair,Repair,12.3740,472.0000,33
13650,Regret-3 Repair (Smart Packing),Repair,12.0106,333.0000,26
13800,EnergyCriticalRemoval,Destroy,13.1927,324.0000,28
13800,Route Merging Destroy,Destroy,11.9933,384.0000,32
13800,TimeSlackDestroy,Destroy,12.1668,276.0000,23
13800,Random Removal,Destroy,12.5265,300.0000,25
13800,VehicleReductionAwareDestroy,Destroy,12.0702,500.0000,42
13800,ChargingAwareRouteBuilder,Repair,13.2270,492.0000,42
13800,Adaptive Insertion,Repair,11.9100,396.0000,33
13800,Greedy Energy Insertion (Enhanced),Repair,11.8839,312.0000,26
13800,Smart Station Repair,Repair,12.6633,212.0000,18
13800,Regret-3 Repair (Smart Packing),Repair,12.1301,372.0000,31
13950,EnergyCriticalRemoval,Destroy,12.9495,473.0000,41
13950,Route Merging Destroy,Destroy,11.9943,408.0000,34
13950,TimeSlackDestroy,Destroy,12.1418,271.0000,21
13950,Random Removal,Destroy,12.4475,393.0000,31
13950,VehicleReductionAwareDestroy,Destroy,12.0454,276.0000,23
13950,ChargingAwareRouteBuilder,Repair,13.0001,423.0000,31
13950,Adaptive Insertion,Repair,11.9235,386.0000,33
13950,Greedy Energy Insertion (Enhanced),Repair,11.9013,376.0000,32
13950,Smart Station Repair,Repair,12.5305,336.0000,29
13950,Regret-3 Repair (Smart Packing),Repair,12.1106,300.0000,25
